1 126
2 126
3 126
4 294
5 294
6 294
7 630
8 630
9 630
10 630
11 630
12 630
13 630
14 630
15 630
16 630
17 630
18 630
19 630
20 630
21 630
22 630
23 630
24 630
25 630
26 1512
27 1512
28 1512
29 1512
30 1512
31 1512
32 1512
33 1512
34 1512
35 1512
36 1512
37 1512
38 1512
39 1512
40 1512
41 1512
42 1512
43 1512
44 1512
45 1512
46 1512
47 1512
48 1512
49 1512
50 1944
51 3888
52 3888
53 3888
54 3888
55 3888
56 3888
57 3888
58 3888
59 3888
60 3888
61 3888
62 3888
63 3888
64 3888
65 3888
66 3888
67 3888
68 3888
69 3888
70 3888
71 3888
72 3888
73 3888
74 3888
75 3888
76 3888
77 3888
78 3888
79 3888
80 3888
81 3888
82 3888
83 3888
84 3888
85 3888
86 3888
87 3888
88 3888
89 3888
90 3888
91 3888
92 3888
93 3888
94 3888
95 3888
96 3888
97 3888
98 3888
99 3888
100 3888
101 3888
102 3888
103 3888
104 3888
105 3888
106 3888
107 3888
108 3888
109 3888
110 3888
111 3888
112 3888
113 3888
114 3888
115 3888
116 3888
117 3888
118 3888
119 3888
120 3888
121 3888
122 3888
123 3888
124 3888
125 3888
126 3888
127 3888
128 3888
129 3888
130 3888
131 3888
132 3888
133 3888
134 3888
135 3888
136 3888
137 3888
138 3888
139 3888
140 3888
141 3888
142 3888
143 3888
144 3888
145 3888
146 3888
147 3888
148 3888
149 3888
150 3888
151 3888
152 3888
153 3888
154 3888
155 3888
156 3888
157 3888
158 3888
159 3888
160 3888
161 3888
162 3888
163 3888
164 3888
165 3888
166 3888
167 3888
168 3888
169 3888
170 3888
171 3888
172 3888
173 3888
174 3888
175 3888
176 3888
177 3888
178 3888
179 3888
180 3888
181 3888
182 3888
183 3888
184 3888
185 3888
186 3888
187 3888
188 3888
189 3888
190 3888
191 3888
192 3888
193 3888
194 3888
195 3888
196 3888
197 3888
198 3888
199 3888
200 3888
201 3888
202 3888
203 3888
204 3888
205 3888
206 3888
207 3888
208 3888
209 3888
210 3888
211 3888
212 3888
213 3888
214 3888
215 3888
216 3888
217 3888
218 3888
219 3888
220 3888
221 3888
222 3888
223 3888
224 3888
225 3888
226 3888
227 3888
228 3888
229 3888
230 3888
231 3888
232 3888
233 3888
234 3888
235 3888
236 3888
237 3888
238 3888
239 3888
240 3888
241 3888
242 3888
243 3888
244 3888
245 3888
246 3888
247 3888
248 3888
249 3888
250 3888
251 3888
252 3888
253 3888
254 3888
255 3888
256 3888
257 3888
258 3888
259 3888
260 3888
261 3888
262 3888
263 3888
264 3888
265 3888
266 3888
267 3888
268 3888
269 3888
270 3888
271 3888
272 3888
273 3888
274 3888
275 3888
276 3888
277 3888
278 3888
279 3888
280 3888
281 3888
282 3888
283 3888
284 3888
285 3888
286 3888
287 3888
288 3888
289 3888
290 3888
291 3888
292 3888
293 3888
294 3888
295 3888
296 3888
297 3888
298 3888
299 3888
300 3888
301 3888
302 3888
303 3888
304 3888
305 3888
306 3888
307 3888
308 3888
309 3888
310 3888
311 3888
312 3888
313 3888
314 3888
315 3888
316 3888
317 3888
318 3888
319 3888
320 3888
321 3888
322 3888
323 3888
324 3888
325 3888
326 3888
327 3888
328 3888
329 3888
330 3888
331 3888
332 3888
333 3888
334 3888
335 3888
336 3888
337 3888
338 3888
339 3888
340 3888
341 3888
342 3888
343 3888
344 3888
345 3888
346 3888
347 3888
348 3888
349 3888
350 3888
351 3888
352 3888
353 3888
354 3888
355 3888
356 3888
357 3888
358 3888
359 3888
360 3888
361 3888
362 3888
363 3888
364 3888
365 4536
366 4536
367 4536
368 4536
369 4536
370 4536
371 4536
372 4536
373 4536
374 4536
375 4536
376 4536
377 4536
378 4536
379 4536
380 4536
381 4536
382 4536
383 4536
384 4536
385 4536
386 4536
387 4536
388 4536
389 4536
390 4536
391 4536
392 4536
393 4536
394 4536
395 4536
396 4536
397 4536
398 4536
399 4536
400 4536
401 4536
402 4536
403 4536
404 4536
405 4536
406 4536
407 4536
408 4536
409 4536
410 4536
411 4536
412 4536
413 4536
414 4536
415 4536
416 4536
417 4536
418 4536
419 4536
420 4536
421 4536
422 4536
423 4536
424 4536
425 4536
426 4536
427 4536
428 4536
429 4536
430 4536
431 4536
432 4536
433 4536
434 4536
435 4536
436 4536
437 4536
438 4536
439 4536
440 4536
441 4536
442 4536
443 4536
444 4536
445 4536
446 4536
447 4536
448 4536
449 4536
450 4536
451 4536
452 4536
453 4536
454 4536
455 4536
456 4536
457 4536
458 4536
459 4536
460 4536
461 4536
462 4536
463 4536
464 4536
465 4536
466 4536
467 4536
468 4536
469 4536
470 4536
471 4536
472 4536
473 4536
474 4536
475 4536
476 4536
477 4536
478 4536
479 4536
480 4536
481 4536
482 4536
483 4536
484 4536
485 4536
486 4536
487 4536
488 4536
489 4536
490 4536
491 4536
492 4536
493 4536
494 4536
495 4536
496 4536
497 4536
498 4536
499 4536
500 4536
501 4536
502 4536
503 4536
504 4536
505 4536
506 4536
507 4536
508 4536
509 4536
510 4536
511 4536
512 4536
513 4536
514 4536
515 4536
516 4536
517 4536
518 4536
519 4536
520 4536
521 4536
522 4536
523 4536
524 4536
525 4536
526 4536
527 4536
528 4536
529 4536
530 4536
531 4536
532 4536
533 4536
534 4536
535 4536
536 4536
537 4536
538 4536
539 4536
540 4536
541 4536
542 4536
543 4536
544 4536
545 4536
546 4536
547 4536
548 4536
549 4536
550 4536
551 4536
552 4536
553 4536
554 4536
555 4536
556 4536
557 4536
558 4536
559 4536
560 4536
561 4536
562 4536
563 4536
564 4536
565 4536
566 4536
567 4536
568 4536
569 4536
570 4536
571 4536
572 4536
573 4536
574 4536
575 4536
576 4536
577 4536
578 4536
579 4536
580 4536
581 4536
582 4536
583 4536
584 4536
585 4536
586 4536
587 4536
588 4536
589 4536
590 4536
591 4536
592 4536
593 4536
594 4536
595 4536
596 4536
597 4536
598 4536
599 4536
600 4536
601 4536
602 4536
603 4536
604 4536
605 4536
606 4536
607 4536
608 4536
609 4536
610 4536
611 4536
612 4536
613 4536
614 4536
615 4536
616 5832
617 5832
618 5832
619 5832
620 5832
621 5832
622 5832
623 5832
624 5832
625 5832
626 5832
627 5832
628 5832
629 5832
630 5832
631 5832
632 5832
633 5832
634 5832
635 5832
636 5832
637 5832
638 5832
639 5832
640 5832
641 5832
642 5832
643 5832
644 5832
645 5832
646 5832
647 5832
648 5832
649 5832
650 5832
651 5832
652 5832
653 5832
654 5832
655 5832
656 5832
657 5832
658 5832
659 5832
660 5832
661 5832
662 5832
663 5832
664 5832
665 5832
666 5832
667 5832
668 5832
669 5832
670 5832
671 5832
672 5832
673 5832
674 5832
675 5832
676 5832
677 5832
678 5832
679 5832
680 5832
681 5832
682 5832
683 5832
684 5832
685 5832
686 5832
687 5832
688 5832
689 5832
690 5832
691 5832
692 5832
693 5832
694 5832
695 5832
696 5832
697 5832
698 5832
699 5832
700 5832
701 5832
702 5832
703 5832
704 5832
705 5832
706 5832
707 5832
708 5832
709 5832
710 5832
711 5832
712 5832
713 5832
714 5832
715 5832
716 5832
717 5832
718 5832
719 5832
720 5832
721 5832
722 5832
723 5832
724 5832
725 5832
726 5832
727 5832
728 5832
729 5832
730 5832
731 5832
732 5832
733 5832
734 5832
735 5832
736 5832
737 5832
738 5832
739 5832
740 5832
741 5832
742 5832
743 5832
744 5832
745 5832
746 5832
747 5832
748 5832
749 5832
750 5832
751 5832
752 5832
753 5832
754 5832
755 5832
756 5832
757 5832
758 5832
759 5832
760 5832
761 5832
762 5832
763 5832
764 5832
765 5832
766 5832
767 5832
768 5832
769 5832
770 5832
771 5832
772 5832
773 5832
774 5832
775 5832
776 5832
777 5832
778 5832
779 5832
780 5832
781 5832
782 5832
783 5832
784 5832
785 5832
786 5832
787 5832
788 5832
789 5832
790 5832
791 5832
792 5832
793 5832
794 5832
795 5832
796 5832
797 5832
798 5832
799 5832
800 5832
801 5832
802 5832
803 5832
804 5832
805 5832
806 5832
807 5832
808 5832
809 5832
810 5832
811 5832
812 5832
813 5832
814 5832
815 5832
816 5832
817 5832
818 5832
819 5832
820 5832
821 5832
822 5832
823 5832
824 5832
825 5832
826 5832
827 5832
828 5832
829 5832
830 5832
831 5832
832 5832
833 5832
834 5832
835 5832
836 5832
837 5832
838 5832
839 5832
840 5832
841 5832
842 5832
843 5832
844 5832
845 5832
846 5832
847 5832
848 5832
849 5832
850 5832
851 5832
852 5832
853 5832
854 5832
855 5832
856 5832
857 5832
858 5832
859 5832
860 5832
861 5832
862 5832
863 5832
864 5832
865 5832
866 5832
867 5832
868 5832
869 5832
870 5832
871 5832
872 5832
873 5832
874 5832
875 5832
876 5832
877 5832
878 5832
879 5832
880 5832
881 5832
882 5832
883 5832
884 5832
885 5832
886 5832
887 5832
888 5832
889 5832
890 5832
891 5832
892 5832
893 5832
894 5832
895 5832
896 5832
897 5832
898 5832
899 5832
900 5832
901 5832
902 5832
903 5832
904 5832
905 5832
906 5832
907 5832
908 5832
909 5832
910 5832
911 5832
912 5832
913 5832
914 5832
915 5832
916 5832
917 5832
918 5832
919 5832
920 5832
921 5832
922 5832
923 5832
924 5832
925 5832
926 5832
927 5832
928 5832
929 5832
930 5832
931 5832
932 5832
933 5832
934 5832
935 5832
936 5832
937 5832
938 5832
939 5832
940 5832
941 5832
942 5832
943 5832
944 5832
945 5832
946 5832
947 5832
948 5832
949 5832
950 5832
951 5832
952 5832
953 5832
954 5832
955 5832
956 5832
957 5832
958 5832
959 5832
960 5832
961 5832
962 5832
963 5832
964 5832
965 5832
966 5832
967 5832
968 5832
969 5832
970 5832
971 5832
972 5832
973 5832
974 5832
975 5832
976 5832
977 5832
978 5832
979 5832
980 5832
981 5832
982 5832
983 5832
984 5832
985 5832
986 5832
987 5832
988 5832
989 5832
990 5832
991 5832
992 5832
993 5832
994 5832
995 5832
996 5832
997 5832
998 5832
999 5832
1000 5832
5832
